0.000 0.000 0.000 0.000 0.000 0.000
0.000 0.000 1.000 0.000 6.160 0.360
0.000 0.000 1.000 1.000 6.160 0.360
0.000 0.000 1.000 2.000 6.230 nan
0.000 0.000 1.000 3.000 6.380 0.380
0.000 0.000 1.000 4.000 6.670 nan
0.000 0.000 2.000 0.000 11.320 0.800
0.000 0.000 3.000 0.000 16.130 1.160
0.000 0.000 4.000 0.000 20.600 1.650
0.000 0.000 5.000 0.000 24.920 2.030
0.000 1.000 1.000 0.000 6.700 nan
0.000 1.000 2.000 0.000 11.700 nan
0.000 1.000 3.000 0.000 16.430 nan
0.000 1.000 4.000 0.000 20.690 nan
0.000 2.000 1.000 0.000 7.100 nan
0.000 2.000 2.000 0.000 12.040 nan
0.000 2.000 3.000 0.000 16.590 nan
0.000 2.000 4.000 0.000 20.980 nan
0.000 3.000 1.000 0.000 7.570 nan
0.000 3.000 2.000 0.000 12.390 nan
0.000 3.000 3.000 0.000 16.840 nan
0.000 3.000 4.000 0.000 21.250 nan
0.000 4.000 1.000 0.000 8.070 nan
0.000 4.000 2.000 0.000 12.830 nan
0.000 4.000 3.000 0.000 17.090 nan
0.000 4.000 4.000 0.000 21.530 nan
1.000 0.000 0.000 0.000 3.490 -0.370
1.000 0.000 1.000 0.000 5.030 -0.240
1.000 0.000 2.000 0.000 8.020 -0.060
1.000 0.000 3.000 0.000 11.040 0.140
1.000 0.000 4.000 0.000 14.010 0.380
1.000 0.000 5.000 0.000 17.960 0.710
1.000 0.000 6.000 0.000 21.850 1.090
1.000 0.000 7.000 0.000 25.560 nan
1.000 0.000 8.000 0.000 29.630 nan
1.000 1.000 1.000 0.000 4.705 nan
1.000 1.000 2.000 0.000 7.760 nan
1.000 1.000 3.000 0.000 10.805 nan
1.000 2.000 1.000 0.000 4.445 nan
1.000 2.000 2.000 0.000 7.530 nan
1.000 2.000 3.000 0.000 10.685 nan
1.000 3.000 1.000 0.000 4.235 nan
1.000 3.000 2.000 0.000 7.370 nan
1.000 3.000 3.000 0.000 10.685 nan
1.000 4.000 1.000 0.000 4.045 nan
1.000 4.000 2.000 0.000 7.220 nan
1.000 4.000 3.000 0.000 10.735 nan
2.000 0.000 0.000 0.000 7.130 -0.720
2.000 0.000 1.000 0.000 8.600 nan
2.000 0.000 2.000 0.000 9.910 nan
2.000 0.000 3.000 0.000 12.100 nan
2.000 1.000 1.000 0.000 7.870 nan
2.000 1.000 2.000 0.000 9.420 nan
2.000 1.000 3.000 0.000 11.540 nan
2.000 2.000 1.000 0.000 7.110 nan
2.000 2.000 2.000 0.000 8.960 nan
2.000 2.000 3.000 0.000 11.070 nan
2.000 3.000 1.000 0.000 6.460 nan
2.000 3.000 2.000 0.000 8.500 nan
2.000 3.000 3.000 0.000 10.720 nan
2.000 4.000 1.000 0.000 6.110 nan
2.000 4.000 2.000 0.000 7.980 nan
2.000 4.000 3.000 0.000 10.360 nan
